4294967278,389
4294967279,164
4294967278,161
4294967279,162
4294967279,158
4294967279,477
4294967278,387
4294967279,91
4294967279,90
4294967279,89
4294967279,87
4294967278,287
4294967278,285
4294967278,423
4294967279,476
4294967278,277
4294967278,386
4294967279,92
4294967278,371
4294967278,397
4294967278,342
4294967279,95
4294967279,94
4294967279,93
4294967278,370
4294967278,286
4294967278,403
4294967278,422
4294967279,99
4294967279,98
4294967279,97
4294967279,96
4294967279,455
4294967279,257
4294967279,459
4294967279,256
4294967279,104
4294967279,103
4294967279,102
4294967279,101
4294967279,100
4294967279,430
4294967279,400
4294967279,254
4294967279,252
4294967279,458
4294967279,449
4294967278,248
4294967279,246
4294967279,245
4294967279,243
4294967279,241
4294967279,448
4294967279,239
4294967279,236
4294967279,475
4294967279,233
4294967278,421
4294967279,231
4294967279,229
4294967279,174
4294967279,106
4294967279,105
4294967279,227
4294967279,107
4294967279,474
4294967278,215
4294967278,380
4294967278,420
4294967278,419
4294967278,328
4294967279,444
4294967279,109
4294967279,108
4294967279,442
4294967279,440
4294967279,393
4294967279,112
4294967279,111
4294967279,110
4294967279,116
4294967279,115
4294967279,114
4294967279,113
4294967279,423
4294967278,362
4294967278,418
4294967278,325
4294967279,473
4294967279,389
4294967279,388
4294967279,422
4294967278,322
4294967279,421
4294967279,186
4294967278,356
4294967278,354
4294967279,386
4294967279,385
4294967279,117
4294967279,120
4294967279,119
4294967279,118
4294967278,417
4294967278,317
4294967279,124
4294967279,123
4294967279,122
4294967279,121
4294967278,315
4294967279,316
4294967278,316
4294967279,315
4294967278,416
4294967278,166
4294967278,311
4294967278,164
4294967278,415
4294967278,296
4294967278,414
4294967278,309
4294967279,161
4294967278,307
4294967278,267
4294967279,125
4294967278,306
4294967278,402
4294967278,388
4294967279,128
4294967279,127
4294967279,126
4294967278,303
4294967278,302
4294967279,129
4294967278,401
4294967279,472
4294967278,293
4294967278,345
4294967279,132
4294967279,131
4294967279,130
4294967278,385
4294967278,301
4294967278,292
4294967278,300
4294967278,373
4294967278,291
4294967278,400
4294967278,6
4294967278,5
4294967278,4
4294967278,394
4294967279,471
4294967278,289
116,6
4294967278,413
4294967278,8
4294967278,7
4294967278,399
4294967278,275
4294967279,276
4294967278,299
4294967278,12
4294967278,11
4294967278,10
4294967278,9
4294967278,274
4294967278,284
4294967278,398
4294967278,18
4294967278,17
4294967278,298
4294967278,14
4294967278,281
4294967278,13
4294967278,270
4294967279,273
4294967278,269
4294967278,283
4294967278,16
4294967278,15
4294967278,383
4294967279,470
4294967279,469
4294967278,30
4294967278,29
4294967278,28
4294967278,27
4294967278,26
4294967278,25
4294967278,24
4294967278,23
4294967278,22
4294967278,21
4294967278,20
4294967278,19
4294967279,468
4294967279,467
116,5
4294967278,336
4294967278,412
4294967279,466
4294967278,349
4294967278,62
4294967278,319
4294967278,61
4294967278,318
4294967278,60
4294967278,348
4294967278,59
4294967278,58
4294967278,57
4294967278,56
4294967278,55
4294967278,54
4294967278,53
4294967278,52
4294967278,51
4294967278,50
4294967278,49
4294967278,48
4294967278,47
4294967278,46
4294967278,45
4294967278,44
4294967278,43
4294967278,42
4294967278,41
4294967278,40
4294967278,39
4294967278,38
4294967278,37
4294967278,36
4294967278,35
4294967278,34
4294967278,33
4294967278,32
4294967278,31
4294967279,86
4294967279,83
4294967278,246
4294967278,244
4294967278,242
4294967278,411
4294967278,240
4294967278,236
132,6
4294967278,234
132,5
132,4
4294967278,232
132,3
132,2
132,1
4294967278,231
4294967278,410
4294967278,222
4294967278,221
4294967278,218
4294967278,211
4294967278,314
4294967278,210
4294967294,394
4294967294,24
4294967294,989
4294967278,365
4294967278,327
4294967279,82
4294967294,115
4294967294,120
4294967279,204
4294967278,202
4294967279,203
4294967278,201
4294967278,409
4294967279,202
4294967278,200
4294967279,424
4294967278,379
4294967278,198
4294967279,199
4294967279,196
4294967278,197
129,6
4294967279,198
129,5
4294967278,196
129,4
4294967279,197
129,3
129,2
129,1
4294967279,438
4294967278,195
4294967278,194
4294967279,81
4294967279,392
4294967279,193
4294967279,437
4294967279,80
4294967279,391
4294967278,189
4294967294,409
4294967294,395
4294967294,421
4294967294,178
4294967294,385
4294967294,398
4294967294,406
4294967294,599
4294967294,1021
4294967294,167
4294967294,183
4294967294,116
4294967294,119
4294967294,112
4294967294,191
4294967294,469
4294967279,192
4294967278,408
4294967279,191
4294967278,188
4294967279,189
4294967278,187
4294967279,188
4294967279,420
4294967278,186
4294967279,187
4294967294,1032
4294967278,358
4294967278,393
4294967279,387
4294967278,183
4294967279,418
4294967279,465
4294967278,407
